SDG17_3_P_RC_TRB_2021
0.1031
0.05739
0.09908
0.08978
0.05739
0.15817
0.07023
0.0476
0.04583
0.03075
0.04604
0.21416
0.03915
0.04834
0.04922
0.0701
0.0938
0.16668
0.07166
0.05834
0.11601
0.39188
0.02141
0.16949
0.08159
0.1078
0.07865
0.1024
0.0701
0.22027
0.19819
0.05671
0.08424
0.03788
0.05539
0.01918
0.04796
0.10408
0.03872
0.05298
0.05224
0.02275
0.23765
0.03293
0.09762
0.04013
0.06298
0.03753
0.07909
0.09466
0.03581
0.08541
0.04053
0.0624
0.0436
0.0261
0.0653
0.13468
0.09134
0.09823
0.14824
0.20708
0.03293
0.08095
0.06105
0.16897
0.03796
0.11995
0.06252
0.0592
0.08486
0.25695
0.06885
0.03963
0.08688
0.0651
0.27546
0.34513
0.11881
0.1558
0.02487
0.04443
0.43413
0.04646
0.09473
0.12735
0.0859
0.03123
0.13393
0.04514
0.17114
0.01849
0.15436
0.05737
0.08742
0.22588
0.04214
0.04281
0.03495
0.03044
0.04488
0.12978
0.0714
0.11602
0.0327
0.06924
0.14995
0.03637
0.19517
0.04308
0.03783
0.04672
0.08182
0.11092
0.02909
0.06645
0.05809
0.05284
0.02811
0.06768
0.05152
0.10702
0.10348
0.02654
0.20166
0.06284
0.07817
0.06097
0.02745
0.03802
0.06937
0.22396
0.07194
0.05469
0.05495
0.04654
0.10055
0.04156
0.06213
0.05753
0.37926
0.13796
0.13827
0.024
0.10599
0.04142
0.04872
0.28369
0.04636
0.07856
0.05616
0.0609
0.09401
0.04599
0.12651
0.07881
0.18188
0.09454
0.12008
0.04142
0.05853
0.05276
0.17859
0.09984
0.04263
0.05587
0.16812
0.15362
0.0359
0.06684
0.05865
0.03518
0.05721
0.153
0.18438
0.06999
0.10623
0.07937
0.02303
0.16872
0.09455
0.16333
0.45211
0.02842
0.02646
0.18627
0.03814
0.12831
0.16273
0.0794
0.05781
0.03578
0.125
0.08388
0.04364
0.0372
0.08954
0.08723
0.07106
0.14202
0.13134
0.16244
0.05995
0.37283
0.04949
0.07309
0.03919
0.07579
0.03981
0.06694
0.16379
0.03807
0.03729
0.12833
0.02791
0.04567
0.03807
0.16338
0.04536
0.02318
0.05337
0.14131
0.09576
0.04316
0.03432
0.08229
0.11842
0.02465
0.03568
0.04258
0.16149
0.23031
0.02041
0.13535
0.04295
0.06424
0.03913
0.06169
0.07624
0.01801
0.09409
0.07861
0.03535
0.18499
0.09401
0.07473
0.03504
0.12245
0.04927
0.0651
0.09805
0.03379
0.05602
0.21347
0.04286
0.04944
0.03001
0.07757
0.1712
0.03085
0.04137
0.04985
0.12135
0.07055
0.08626
0.04001
0.06705
0.1386
0.06196
0.09153
0.04413
0.07128
0.12819
0.0373
0.04439
0.06304
0.06214
0.05586
0.05003
0.07846
0.20605
0.14637
0.0326
0.04522
0.19737
0.03126
0.18623
0.05649
0.03484
0.0374
0.04153
0.20229
0.06251
0.15588
0.12935
0.07165
0.16132
0.13334
0.09865
0.05727
0.04996
0.10026
0.04757
0.06263
0.27405
0.05127
0.07957
0.05738
0.06773
0.04802
0.21261
0.13387
0.04113
0.03856
0.04304
0.04195
0.12074
0.06248
0.04816
0.09628
0.09955
0.05249
0.06662
0.038
0.14047
0.32087
0.05292
0.03935
0.03519
0.06823
0.05519
0.06722
0.05082
0.03566
0.04143
0.07711
0.03932
0.09568
0.07307
0.04053
0.03607
0.09433
0.03622
0.21731
0.15454
0.04885
0.08068
0.06914
0.04171
0.14797
0.08923
0.06277
0.07489
0.10104
0.02572
0.04439
0.10024
0.04074
0.08224
0.11697
0.12073
0.02895
0.09451
0.21658
0.24015
0.07441
0.06151
0.07101
0.12244
0.1724
0.06176
0.12638
0.16681
0.19166
0.02308
0.15028
0.07358
0.07486
0.09013
0.128
0.0307
0.11889
0.04983
0.11096
0.13475
0.11553
0.07776
0.06407
0.09568
0.04388
0.03211
0.05086
0.05344
0.0446
0.10344
0.06968
0.04001
0.05949
0.2223
0.11782
0.13113
0.12124
0.06238
0.11224
0.0815
0.07781
0.05104
0.05279
0.03372
0.05646
0.10483
0.14385
0.11762
0.0642
0.03547
0.02219
0.05139
0.10134
0.13504
0.14137
0.1451
0.09954
0.03041
0.04336
0.07924
0.03973
0.05467
0.15185
0.05085
0.08908
0.04721
0.0364
0.05882
0.06749
0.06127
0.1071
0.14023
0.05011
0.1553
0.10782
0.12017
0.15614
0.12597
0.0389
0.04692
0.09408
0.10079
0.1257
0.0809
0.04731
0.03376
0.37712
0.22908
0.02816
0.08263
0.11831
0.08595
0.16618
0.03576
0.04136
0.14947
0.07972
0.19164
0.11653
0.03691
0.02923
0.10166
0.05781
0.1072
0.05934
0.02852
0.02909
0.09684
0.18992
0.14139
0.05788
0.04673
0.09067
0.02951
0.1565
0.10753
0.13827
0.03924
0.06238
0.13611
0.05241
0.08229
0.05703
0.03644
0.05693
0.04517
0.03634
0.0362
0.03821
0.03389
0.04776
0.56316
