TUCURUI	FURNAS	AVERMELHA	S.DO FACÃO	NOVA PONTE	SÃO SIMÃO	EMBORCAÇÃO	ITUMBIARA	CHAVANTES	CAPIVARA	TRÊS MARIAS	B. BONITA	SERRA DA MESA	IRAPE	ITAPARICA	SOBRADINHO	G. P. SOUZA	SALTO SANTIAGO	SANTA CLARA-PR	SEGREDO	G. B. MUNHOZ	MAUA	PASSO FUNDO	MACHADINHO	CAMPOS NOVOS	BARRA GRANDE
0.3669	0.955	0.771	0.6088	0.5875	0.4509	0.4024	0.3433	0.6153	0.812	0.778	0.8111	0.5787	0.7843	0.4303	0.5324	0.9876	0.9959	1.0194	0.9897	0.958	0.4234	0.7709	0.7147	0.996	0.6467
0.8251	0.9818	0.9925	0.6626	0.5968	0.5176	0.4225	0.415	0.7867	0.981	0.7746	0.8769	0.6166	0.7399	0.5427	0.5384	0.9456	0.9944	0.6918	0.9835	0.9513	0.6692	0.787	0.9971	0.97	0.9939
0.9862	0.9905	0.9888	0.9906	0.7273	0.9043	0.596	0.8613	0.8802	0.973	0.9841	0.8986	0.7228	0.9092	0.5531	0.6704	0.8685	0.9753	0.4587	0.9009	0.9159	0.5177	0.7841	0.9808	0.978	0.9955
0.9923	0.9894	0.9565	1.0133	0.7996	0.9066	0.6892	0.9902	0.929	0.987	0.9901	0.9404	0.7704	0.9277	0.8842	0.8548	0.8103	0.9497	0.3701	0.6737	0.5694	0.6526	0.854	0.7497	0.804	0.8961
0.9992	0.9402	0.9664	1.0013	0.8332	0.9638	0.7297	0.9829	0.8501	0.9513	0.9841	0.9915	0.7766	0.8931	0.9656	0.8601	0.7381	0.7823	0.4068	0.8081	0.4253	0.9988	0.8411	0.6237	0.234	0.7549
0.9093	0.8937	0.9332	1.007	0.8107	0.9413	0.7233	0.9823	0.8514	0.8353	0.9304	0.951	0.7614	0.8377	0.9563	0.8153	0.7071	0.9547	1.0218	1.0167	0.9735	0.9988	0.8899	0.9197	0.59	0.7474
0.8603	0.8137	0.7352	0.995	0.7698	0.9144	0.6996	0.9481	0.8198	0.8259	0.8811	0.8566	0.7385	0.7629	0.8932	0.7493	0.9761	0.9924	1.0364	1	0.936	0.8967	0.9925	0.9875	0.966	0.9866
0.6399	0.7252	0.6651	0.98	0.7228	0.8943	0.6452	0.8204	0.7648	0.976	0.7992	0.8122	0.7013	0.6671	0.9611	0.6393	0.8593	0.8877	0.9109	0.9917	0.9929	0.872	0.9925	0.9934	0.986	0.9976
0.3532	0.6634	0.6584	0.886	0.6656	0.6864	0.5994	0.6061	0.6633	0.9395	0.7039	0.6181	0.6381	0.5957	0.9045	0.5304	0.8253	1.0005	0.994	0.9938	0.995	1	0.9755	0.9786	0.99	0.9522
0.2166	0.5936	0.557	0.8098	0.6248	0.7046	0.583	0.5075	0.7438	0.9711	0.6368	0.6699	0.5886	0.5444	0.9112	0.4144	0.7521	0.9577	0.7433	0.9629	0.7915	0.9988	0.9369	0.7933	0.802	0.7898
0.3292	0.7194	0.4837	0.7351	0.5893	0.8168	0.5625	0.3818	0.7119	0.9007	0.5963	0.5455	0.5673	0.5959	0.6695	0.3741	0.778	0.7292	0.5034	0.7591	0.5558	0.776	0.8402	0.3527	0.232	0.4876
0.3573	0.9402	0.6131	0.845	0.6194	0.745	0.6376	0.3603	0.6105	0.7617	0.7823	0.4942	0.6139	0.8679	0.5469	0.4725	0.85	0.615	0.896	0.9092	0.7509	0.8708	0.6997	0.2895	0.36	0.3275
0.8724	0.9459	0.799	0.9521	0.7352	0.8431	0.7988	0.5479	0.644	0.789	0.8392	0.7561	0.7202	0.8955	0.4841	0.6897	0.6326	0.5482	0.9423	0.9876	0.57	0.9316	0.6089	0.6535	0.678	0.4031
0.9869	0.8976	0.9393	0.9479	0.7508	0.9323	0.8646	0.6162	0.6291	0.6807	0.8922	0.8894	0.7675	0.8777	0.5571	0.8745	0.332	0.6207	0.5199	0.6737	0.2506	0.4091	0.4857	0.4223	0.686	0.3012
0.9908	0.8417	0.8013	0.9653	0.7314	0.965	0.8433	0.5901	0.5434	0.5023	0.9014	0.9252	0.7822	0.8465	0.6929	0.8029	0.351	0.5844	0.9053	0.7814	0.4028	0.2624	0.3729	0.0722	0.15	0.1715
1.0008	0.7866	0.7227	0.9641	0.7283	0.8976	0.8269	0.5667	0.512	0.3972	0.9026	0.9736	0.7744	0.7683	0.592	0.7601	0.4067	0.6727	0.8591	0.7021	0.8135	0.4977	0.3091	0.1124	0.49	0.0996
0.9687	0.7693	0.6473	0.9062	0.685	0.9043	0.7826	0.5083	0.5511	0.4057	0.8719	0.9664	0.7379	0.7384	0.8864	0.6371	0.6066	0.9965	1.0081	1	0.9914	0.108	0.2957	0.0966	0.806	0.028
0.9247	0.7108	0.6098	0.8467	0.657	0.9066	0.7532	0.4573	0.7594	0.937	0.8257	0.9498	0.7151	0.6928	0.9679	0.5464	0.277	0.9853	1.0081	0.9979	0.9828	0.3713	0.3281	0.7426	0.782	0.1732
0.6967	0.6107	0.5169	0.7538	0.6007	0.7885	0.7045	0.4224	0.786	0.8972	0.7654	0.77	0.6873	0.6582	0.9451	0.481	0.2785	0.9151	0.56	0.7021	0.7809	0.4678	0.45	0.9285	0.99	0.4064
0.4155	0.4827	0.2177	0.6404	0.5421	0.5873	0.6381	0.3486	0.7136	0.7264	0.693	0.6619	0.6436	0.6232	0.9112	0.3851	0.2785	0.6848	0.2351	0.633	0.3368	0.5859	0.5435	0.4353	0.516	0.4218
0.2326	0.283	0.1688	0.5874	0.4858	0.3747	0.5605	0.2341	0.5682	0.5949	0.5863	0.6609	0.5662	0.5487	0.8332	0.2964	0.3966	0.2811	0.4593	0.7672	0.3201	0.9988	0.5305	0.3312	0.4019	0.3567
0.1599	0.16	0.1447	0.4665	0.4174	0.2918	0.4708	0.0996	0.3975	0.4118	0.4702	0.6006	0.4703	0.4509	0.636	0.2404	0.384	0.2493	0.8351	0.8762	0.2585	0.9054	0.6124	0.4655	0.74	0.3332
0.1739	0.1247	0.1579	0.377	0.351	0.1955	0.4425	0.1343	0.2816	0.3143	0.4479	0.538	0.4231	0.5278	0.4303	0.2793	0.4775	0.1632	0.8826	0.6168	0.1902	0.5768	0.6158	0.2656	0.1399	0.3037
0.2535	0.3286	0.2893	0.3049	0.2883	0.2918	0.3501	0.1001	0.2715	0.2867	0.3916	0.676	0.3966	0.4806	0.3948	0.2713	0.5531	0.4027	0.8904	0.3732	0.2531	0.4766	0.586	0.166	0.696	0.3717
0.3659	0.5051	0.4033	0.3095	0.2766	0.3543	0.3292	0.2143	0.2533	0.3488	0.4257	0.8331	0.4377	0.5696	0.4303	0.2606	0.673	0.2597	1.0097	0.7265	0.2908	0.7402	0.6047	0.4702	0.2139	0.3762
0.732	0.6258	0.6175	0.3555	0.3023	0.6035	0.3638	0.2977	0.3365	0.5793	0.5037	0.8532	0.4669	0.5804	0.3367	0.3783	0.6988	0.6242	1.0105	0.7652	0.6324	0.5836	0.5167	0.2265	0.31	0.3775
0.9946	0.7165	0.8025	0.4193	0.357	0.7076	0.4039	0.3893	0.4062	0.873	0.5291	0.9357	0.4829	0.5529	0.2852	0.3851	0.6143	0.7132	0.874	0.8452	0.6135	0.7307	0.4833	0.58	0.99	0.5091
0.9938	0.705	0.9369	0.542	0.4057	0.7066	0.4587	0.6684	0.5868	1.008	0.5555	0.9976	0.5141	0.5747	0.2871	0.4753	0.5413	0.748	0.6026	0.8411	0.5005	0.8468	0.4693	0.3644	0.248	0.4547
0.9808	0.7129	0.9112	0.5702	0.4193	0.651	0.465	0.7195	0.7143	0.988	0.5178	0.9819	0.4972	0.5582	0.3928	0.4734	0.8289	1	1.0727	0.9959	0.8707	0.77	0.4257	0.3149	0.438	0.3199
0.9915	0.677	0.8379	0.6059	0.4201	0.8047	0.4631	0.7253	0.8667	0.988	0.4852	0.9724	0.4825	0.5395	0.3387	0.4641	0.9788	0.9995	1.0089	1.0021	0.9925	0.8744	0.4888	0.8807	1.0319	0.6137
0.8854	0.6067	0.6943	0.5836	0.4083	0.7996	0.4459	0.6545	0.9063	0.989	0.4297	0.9055	0.4571	0.5105	0.2682	0.4144	0.8074	0.9783	0.9573	0.7001	0.8855	0.6609	0.5818	0.7461	0.866	0.8173
0.7081	0.5369	0.6651	0.5452	0.3853	0.6854	0.4101	0.5791	0.8552	0.992	0.3658	0.7455	0.4254	0.4822	0.2852	0.3658	0.7669	0.9919	0.997	0.9959	0.9707	0.9813	0.7851	0.9971	1.0355	1.0012
0.4595	0.5032	0.5892	0.4984	0.3534	0.5843	0.3653	0.4864	0.8375	0.9631	0.3023	0.7807	0.3773	0.4546	0.2663	0.3078	0.6875	0.9707	0.7494	1.0083	0.9236	1.0115	0.8909	1	1.0035	0.9992
0.2232	0.4738	0.5655	0.4673	0.3405	0.4054	0.3368	0.4313	0.8349	0.991	0.2493	0.7721	0.3322	0.4244	0.2852	0.2439	0.6438	0.8814	0.3317	0.6066	0.6107	0.9975	0.983	0.9934	0.886	0.9862
0.2326	0.497	0.4112	0.4604	0.3326	0.3747	0.3262	0.3744	0.6608	0.975	0.2129	0.8013	0.2918	0.3975	0.2964	0.2158	0.5818	0.6808	0.6142	0.4946	0.3971	0.8012	0.9936	0.5535	0.342	0.7138
0.4428	0.459	0.3818	0.5364	0.3552	0.3062	0.3779	0.3682	0.5341	0.7872	0.2972	0.7893	0.313	0.8554	0.4204	0.3304	0.4578	0.5537	0.8655	0.9856	0.4743	0.9975	0.9755	0.3969	0.4299	0.4812
0.6841	0.342	0.2747	0.5248	0.3418	0.1896	0.3999	0.2919	0.5248	0.6474	0.2745	0.7818	0.3302	0.8696	0.3328	0.5049	0.52	0.4291	0.4474	0.7631	0.1535	1.0051	0.9682	0.4353	0.22	0.3788
0.9839	0.2755	0.3012	0.4792	0.2874	0.3341	0.3993	0.1599	0.4832	0.373	0.2141	0.7764	0.3457	0.7853	0.2888	0.5265	0.5154	0.4806	0.7508	0.6899	0.3531	0.9938	0.8629	0.1925	0.484	0.1931
0.9931	0.2901	0.1422	0.5368	0.2548	0.4317	0.3749	0.2351	0.5178	0.3128	0.1883	0.8376	0.4018	0.7141	0.257	0.5414	0.658	0.7781	0.8513	0.3634	0.1861	0.9963	0.8431	0.5589	0.202	0.3206
0.99	0.294	0.23	0.6029	0.2516	0.5327	0.3704	0.3527	0.4867	0.3022	0.1804	0.8476	0.453	0.6357	0.2719	0.5772	0.6344	0.8495	1.0291	0.1806	0.197	0.9988	0.8698	0.3715	0.31	0.3171
0.9946	0.2911	0.1613	0.556	0.2368	0.3902	0.3657	0.4118	0.4524	0.2832	0.153	0.8365	0.4787	0.5929	0.255	0.5444	0.6379	0.9788	1.038	1.0042	0.936	0.9888	0.9904	0.9904	0.992	0.5888
0.9885	0.2854	0.1764	0.5373	0.2267	0.1431	0.3646	0.4329	0.5076	0.684	0.1213	0.8144	0.4602	0.5605	0.2494	0.4895	0.498	0.9788	0.7878	0.9917	0.8776	0.9925	1.0075	0.9956	0.96	1
0.9181	0.2758	0.1488	0.4739	0.2187	0.2158	0.3631	0.3343	0.445	0.8032	0.0944	0.7593	0.4342	0.5196	0.242	0.434	0.3127	0.9697	0.1327	0.9133	0.6442	0.8372	0.9968	0.8269	0.638	0.9139
0.6484	0.2194	0.2221	0.4281	0.2038	0.2014	0.3478	0.2348	0.3367	0.6625	0.0725	0.6903	0.392	0.4786	0.2327	0.3642	0.2348	0.9742	0.8648	1.0167	0.5491	1.0089	0.9915	0.3338	0.148	0.7205
0.3429	0.133	0.1629	0.3479	0.1717	0.1845	0.2846	0.1677	0.3365	0.644	0.0506	0.6408	0.3398	0.4141	0.1846	0.2949	0.216	0.9737	0.7005	0.9876	0.7038	0.9988	0.9755	0.5807	0.98	0.7696
0.227	0.1131	0.143	0.2659	0.1283	0.1085	0.2038	0.1392	0.285	0.5271	0.0291	0.5014	0.2901	0.3375	0.1502	0.2075	0.1648	0.8901	0.2601	0.7977	0.462	0.9813	0.9713	0.9042	0.4019	0.9555
0.184	0.1321	0.2441	0.2068	0.1079	0.2259	0.1558	0.1237	0.2047	0.1971	0.0426	0.4561	0.2569	0.325	0.1975	0.1578	0.3647	0.5685	0.3403	0.4248	0.5025	0.9988	0.9173	0.4964	0.568	0.7246
0.2747	0.0983	0.1952	0.2295	0.1227	0.5782	0.1653	0.1397	0.1943	0.2324	0.1016	0.5624	0.2715	0.3282	0.2198	0.2068	0.264	0.6616	0.2556	0.9897	0.4658	0.8336	0.8284	0.6778	0.742	0.5694
0.3196	0.1294	0.2116	0.2512	0.1029	0.5176	0.1288	0.1103	0.1901	0.2244	0.1051	0.5269	0.26	0.2647	0.1809	0.1851	0.3173	0.5745	0.4463	0.5824	0.4188	0.6326	0.9245	0.9396	1.0106	0.49
0.3798	0.2168	0.3491	0.276	0.1316	0.4377	0.1586	0.1262	0.2672	0.315	0.1767	0.8199	0.2808	0.2618	0.2068	0.1809	0.3235	0.4192	0.5988	0.7326	0.304	0.3993	0.8778	0.6993	1.0319	0.4235
0.7288	0.2588	0.5284	0.3551	0.2019	0.561	0.2183	0.1635	0.3343	0.3561	0.3082	0.8871	0.3124	0.2667	0.2234	0.1888	0.2551	0.2565	0.4288	0.8741	0.2618	0.4977	0.7372	0.3936	0.358	0.3379
0.9946	0.281	0.6406	0.4231	0.2395	0.6227	0.2655	0.2736	0.3606	0.3114	0.3673	0.9043	0.3456	0.2684	0.2308	0.2158	0.2759	0.2925	0.5708	0.5824	0.3567	0.4567	0.663	0.304	0.354	0.2898
1	0.2916	0.6932	0.4713	0.2629	0.5489	0.299	0.3396	0.4096	0.3278	0.3731	0.9819	0.3613	0.2514	0.1609	0.2139	0.203	0.4652	0.8918	0.5863	0.7378	0.5608	0.6279	0.1913	0.5	0.3003
0.9862	0.2886	0.6999	0.4984	0.2672	0.3682	0.3119	0.3791	0.4377	0.3228	0.3513	0.9879	0.3479	0.2245	0.1665	0.1943	0.4057	0.9954	1.0162	1.0063	0.9786	0.3713	0.6559	0.8571	0.89	0.5867
0.9402	0.2805	0.5484	0.5057	0.2678	0.3617	0.3191	0.4195	0.5998	0.994	0.3193	0.9616	0.3245	0.1948	0.1502	0.1646	0.3551	0.9299	0.5828	1	0.7144	0.4234	0.9968	1	1.0142	0.9971
0.7751	0.283	0.5315	0.4958	0.2559	0.3121	0.3249	0.3988	0.626	0.8844	0.2736	0.8667	0.291	0.1621	0.1358	0.126	0.2958	0.8591	0.4604	1.0104	0.4885	0.9925	0.9619	0.4453	0.404	0.7168
0.3996	0.2217	0.4961	0.463	0.2357	0.307	0.3223	0.3411	0.7253	0.9075	0.2207	0.8848	0.2462	0.1312	0.1158	0.085	0.5359	0.9975	0.976	1.0104	0.9832	0.9838	0.9925	0.9971	0.968	0.998
0.2364	0.2374	0.4461	0.4435	0.1893	0.2479	0.2912	0.2923	0.8337	0.983	0.1375	0.672	0.1993	0.0962	0.1034	0.0428	0.7199	0.9889	1.0178	0.9752	0.9735	0.6155	0.9925	0.9875	0.974	1.0012
0.184	0.3043	0.5158	0.3975	0.1616	0.329	0.293	0.2532	0.9438	0.9493	0.0797	0.798	0.1585	0.0815	0.1051	0.0111	0.9805	0.9954	1.0226	1.0125	0.9814	0.3421	1	0.9565	0.992	1
0.1536	0.5014	0.99	0.3424	0.1691	0.4408	0.3093	0.2401	0.8679	0.9191	0.0697	0.7508	0.1294	0.0853	0.1375	0.0219	0.9947	0.9944	0.9244	0.9732	0.9968	0.118	0.9925	0.9786	1	0.9931
0.3655	0.6231	0.9701	0.3503	0.2741	0.9234	0.4106	0.3411	0.7922	0.8334	0.2261	0.6231	0.1869	0.3216	0.4641	0.099	0.9982	0.9879	0.985	0.9959	0.9839	0.9029	0.9872	0.6244	0.686	0.8506
0.5695	0.7489	0.9925	0.3456	0.3212	0.8087	0.4471	0.4434	0.9477	0.9701	0.2991	0.8276	0.2174	0.3346	0.4562	0.3063	0.9655	0.997	0.991	0.9876	0.9971	1	0.9968	0.7218	0.84	0.9692
0.8078	0.7731	0.9405	0.3555	0.3939	0.9166	0.4865	0.6052	0.9594	0.978	0.3612	0.902	0.2421	0.3259	0.3522	0.3343	0.7779	0.9472	0.6784	0.8184	0.8586	0.9925	0.9893	0.9565	0.966	0.9768
0.9057	0.7619	0.9615	0.3353	0.4072	0.8943	0.4872	0.5928	0.8973	0.9602	0.3748	0.8331	0.2404	0.2927	0.3116	0.3086	0.8231	0.8882	1.0291	0.9959	0.9882	1	0.9979	0.7662	1.0213	0.9095
0.8803	0.7844	0.8822	0.3141	0.3991	0.9345	0.4798	0.5211	0.9025	1.005	0.367	0.9113	0.2322	0.2669	0.2719	0.2699	0.886	0.9028	0.982	0.9773	0.9971	0.9465	0.9968	0.9293	0.996	0.8701
0.8803	0.7353	0.7884	0.2926	0.3858	0.8643	0.4701	0.5141	0.9128	0.98	0.3528	0.9903	0.2008	0.233	0.2643	0.227	0.8836	0.9753	0.7276	0.8782	0.8828	1	0.9524	0.6209	0.4	0.7455
0.8321	0.6511	0.6763	0.2671	0.3583	0.7703	0.4517	0.4704	0.8896	0.988	0.3184	0.9147	0.1643	0.1968	0.2494	0.1864	0.9779	0.9954	0.901	0.9979	0.9818	0.7118	0.9524	0.7404	0.4279	0.8969
0.7491	0.5798	0.5002	0.2454	0.3155	0.5085	0.4126	0.4309	0.8654	0.979	0.2714	0.8232	0.1317	0.1632	0.2308	0.146	0.8685	0.9627	0.5301	0.9051	0.8038	0.3464	0.9194	0.7168	0.894	0.789
0.6575	0.5113	0.4171	0.232	0.2692	0.3766	0.3715	0.3538	0.8312	0.991	0.2151	0.6791	0.1036	0.1298	0.1975	0.1071	0.9422	0.8726	0.2901	0.5405	0.8117	0.3033	0.9102	0.4984	0.236	0.744
0.4941	0.4898	0.3434	0.2128	0.2292	0.4044	0.3352	0.2601	0.7947	0.8512	0.1571	0.6619	0.0908	0.0934	0.1665	0.0752	0.8431	0.7973	0.2981	0.5106	0.6269	0.3097	0.9893	0.7826	0.984	0.9971
0.3235	0.4679	0.3142	0.2128	0.2223	0.4054	0.3327	0.2004	0.7119	0.6034	0.1609	0.5718	0.0934	0.1207	0.1448	0.0587	0.6219	0.692	0.3333	0.6005	0.4549	0.2571	0.9493	0.3514	0.2439	0.7481
0.271	0.4786	0.441	0.2202	0.257	0.4539	0.3574	0.214	0.5868	0.5678	0.2484	0.5464	0.0998	0.1595	0.1071	0.1254	0.6526	0.6176	0.2556	0.8184	0.5512	0.2288	0.8372	0.4372	0.51	0.5962
0.3696	0.4685	0.6617	0.2166	0.2811	0.557	0.3564	0.2008	0.6284	0.695	0.2854	0.8067	0.1008	0.154	0.242	0.1061	0.499	0.5524	0.5277	0.5385	0.5233	0.6727	0.787	0.4393	0.37	0.5415
0.7557	0.4495	0.7398	0.2377	0.3126	0.6449	0.3715	0.2202	0.588	0.8297	0.3265	0.9229	0.1224	0.2191	0.2288	0.1378	0.4815	0.4539	0.2676	0.8019	0.382	0.4766	0.7006	0.2536	0.5339	0.3281
0.9923	0.4197	0.7908	0.2483	0.3079	0.7076	0.3602	0.2298	0.6177	0.6448	0.3343	0.938	0.1355	0.2315	0.1519	0.1544	0.5644	0.3222	0.4024	0.3732	0.2957	0.1954	0.6453	0.1684	0.366	0.2774
1	0.4146	0.7838	0.2541	0.3038	0.6732	0.3495	0.2763	0.6729	0.6278	0.3192	0.9795	0.1437	0.2158	0.1865	0.1561	0.6767	0.4315	0.9633	0.6005	0.628	0.1582	0.8304	0.2656	0.54	0.2552
0.9938	0.4113	0.6528	0.2634	0.3045	0.5459	0.3416	0.3482	0.8035	0.9036	0.3032	0.9712	0.1384	0.1936	0.1865	0.1318	0.9611	0.8921	0.9289	0.9897	0.9391	0.1964	0.9692	0.9646	0.96	0.7444
0.9824	0.3698	0.5623	0.2604	0.2951	0.3766	0.3274	0.4199	0.8896	0.922	0.2692	0.9879	0.1256	0.1739	0.1755	0.1191	0.7212	0.8442	0.3816	0.7509	0.5474	0.7509	0.9957	0.9072	0.844	0.9607
0.9225	0.2736	0.5033	0.2578	0.2782	0.3298	0.3089	0.437	0.8413	0.8129	0.2273	0.8689	0.1093	0.1523	0.1702	0.1	0.5221	0.6128	0.358	0.5305	0.3684	0.4478	0.9808	0.6237	0.382	0.7034
0.823	0.1836	0.292	0.2501	0.2521	0.3307	0.2906	0.3013	0.7352	0.7509	0.1831	0.7593	0.0922	0.1294	0.1609	0.0777	0.3581	0.2212	0.1772	0.2571	0.2124	0.6692	0.9577	0.6029	0.392	0.519
0.5141	0.1117	0.1104	0.2593	0.2074	0.2437	0.2297	0.1406	0.481	0.4952	0.1343	0.5232	0.0768	0.1076	0.1739	0.0505	0.3983	0.3929	0.5804	0.6615	0.4211	0.9465	0.8226	0.2876	0.128	0.3247
0.3153	0.0967	0.1613	0.2441	0.1448	0.1406	0.1306	0.0835	0.3817	0.4171	0.0818	0.5196	0.0643	0.0831	0.1448	0.0284	0.3539	0.6643	0.9993	0.6188	0.6063	0.6246	0.8323	0.313	0.1659	0.3184
0.236	0.1136	0.2064	0.2622	0.1219	0.155	0.1039	0.107	0.4775	0.8428	0.0779	0.538	0.0593	0.0662	0.1051	0.0271	0.5752	0.6198	1.0541	0.5843	0.5209	0.3756	0.8333	0.2228	0.264	0.3059
0.3518	0.2106	0.5273	0.3118	0.1454	0.5075	0.1288	0.1632	0.5797	0.8297	0.1775	0.5756	0.0892	0.1582	0.1302	0.0909	0.8723	0.9038	1.0194	0.6188	0.8907	0.3486	0.7568	0.1856	0.736	0.3637
0.5078	0.2598	0.5602	0.3519	0.1788	0.8117	0.1437	0.2969	0.7168	0.8567	0.2594	0.755	0.1023	0.1686	0.1105	0.1384	0.8615	0.8926	0.4679	0.5924	0.8035	0.1683	0.7363	0.7919	1	0.6244
0.9808	0.3204	0.7158	0.4146	0.2077	0.8481	0.1649	0.4004	0.6744	0.9784	0.3488	0.7926	0.1408	0.3209	0.2032	0.2171	0.9541	0.7977	0.6245	0.8246	0.7544	0.2865	0.6835	0.6362	0.448	0.5394
0.9915	0.3325	0.7978	0.4868	0.2271	0.8653	0.2096	0.504	0.7315	0.9934	0.4565	0.9616	0.1809	0.3895	0.1755	0.328	0.87	0.7945	0.4469	0.6473	0.719	0.4334	0.6055	0.5011	0.63	0.4457
0.9946	0.3349	0.5591	0.5239	0.2329	0.8603	0.2207	0.6319	0.7681	0.9376	0.4834	0.8951	0.2127	0.407	0.2437	0.3808	0.7179	0.5856	0.2731	0.4647	0.5246	NA	0.5313	0.391	0.616	0.3963
0.9946	0.3311	0.4461	0.5263	0.2304	0.6864	0.2197	0.6888	0.7391	0.8476	0.4816	0.8521	0.2222	0.3931	0.2141	0.3666	0.5801	0.4394	0.6791	0.4747	0.4693	NA	0.4826	0.2492	0.47	0.3762
0.9908	0.2773	0.3818	0.5354	0.2273	0.5883	0.2124	0.6324	0.7303	0.7934	0.4618	0.8243	0.2157	0.3757	0.2085	0.3431	0.3795	0.3528	0.6431	0.3732	0.3214	NA	0.4693	0.4413	0.492	0.5074
0.9447	0.2296	0.2238	0.4804	0.2093	0.6369	0.2299	0.4057	0.597	0.6206	0.4283	0.7829	0.2043	0.3545	0.2215	0.3155	0.2299	0.24	0.3295	0.2611	0.2219	NA	0.4485	0.7218	0.284	0.6898
0.7458	0.1743	0.1969	0.4109	0.1807	0.4751	0.2365	0.2746	0.4332	0.5499	0.39	0.7434	0.1862	0.3332	0.2158	0.2875	0.2399	0.223	0.4119	0.3555	0.2496	NA	0.4034	0.6278	0.526	0.5488
0.5489	0.1502	0.1209	0.3447	0.1635	0.1837	0.1733	0.2328	0.3536	0.4269	0.3514	0.6811	0.155	0.3058	0.2215	0.2543	0.4001	0.4623	0.8351	0.7082	0.8786	NA	0.5216	0.8069	0.592	0.7901
0.3465	0.1897	0.2566	0.2819	0.1523	0.2775	0.1376	0.1141	0.2431	0.5425	0.3263	0.5408	0.1168	0.2442	0.2308	0.2217	0.3903	0.6924	0.2791	0.4607	0.6848	NA	0.6107	0.8105	0.638	0.7746
0.2945	0.2704	0.3152	0.295	0.2053	0.4529	0.1882	0.1762	0.1685	0.5459	0.4279	0.5842	0.1086	0.2503	0.2682	0.2404	0.41	0.5507	0.2571	0.3417	0.5262	NA	0.6871	0.5555	0.3219	0.7738
0.3456	0.2785	0.2326	0.2968	0.2467	0.2732	0.2383	0.2998	0.176	0.4458	0.522	0.5187	0.1344	0.3134	0.3252	0.3503	0.4162	0.4279	0.4833	0.1806	0.3012	NA	0.6817	0.6708	0.444	0.586
0.4204	0.2886	0.2098	0.3199	0.2441	0.4054	0.2588	0.2546	0.1492	0.2919	0.5732	0.5306	0.1239	0.2984	0.3176	0.3666	0.3808	0.3475	0.7337	0.3083	0.2957	NA	0.6158	0.4682	0.234	0.3379
0.6636	0.4245	0.2701	0.3124	0.2684	0.7501	0.2926	0.2017	0.1839	0.1966	0.6364	0.6408	0.1299	0.3053	0.3793	0.3741	0.4062	0.3532	0.673	0.4009	0.4559	NA	0.5264	0.4353	0.292	0.3043
0.9892	0.4851	0.4062	0.363	0.3643	0.8461	0.3634	0.2584	0.2908	0.3671	0.7654	0.8769	0.1681	0.3123	0.4184	0.4215	0.2812	0.3189	0.5792	0.4567	0.474	NA	0.4833	0.5793	0.532	0.3209
0.9923	0.5118	0.5827	0.3758	0.4043	0.7865	0.3901	0.3635	0.3349	0.4303	0.812	0.8723	0.2175	0.3191	0.3195	0.4886	0.3539	0.4623	1.1059	0.9917	0.6959	NA	0.4138	0.3299	0.598	0.3433
0.9969	0.5047	0.5881	0.3677	0.4348	0.7935	0.4135	0.4442	0.3735	0.4399	0.8321	0.9357	0.2287	0.3049	0.3404	0.4763	0.602	0.8916	0.9038	0.8659	0.9618	NA	0.5485	0.9742	0.966	0.9575
0.9992	0.4852	0.3769	0.339	0.4433	0.7511	0.4245	0.4747	0.4515	0.7128	0.7953	0.9217	0.2236	0.2824	0.3812	0.4521	0.5251	0.8119	0.3761	0.7998	0.783	NA	0.6541	0.764	0.632	0.9518
0.9786	0.4173	0.3634	0.3363	0.4365	0.5236	0.4236	0.4337	0.4716	0.7377	0.7396	0.8951	0.2132	0.2537	0.3872	0.4348	0.3616	0.7241	0.1529	0.6757	0.4074	NA	0.6427	0.4829	0.362	0.8518
0.8832	0.2929	0.2869	0.3602	0.4099	0.5024	0.3747	0.3135	0.4752	0.4402	0.6767	0.7213	0.2001	0.2279	0.3252	0.41	0.3112	0.5771	0.239	0.2611	0.2887	NA	0.546	0.3429	0.21	0.5235
0.6587	0.1665	0.205	0.3199	0.3307	0.3766	0.3031	0.231	0.3768	0.2542	0.6086	0.5929	0.1778	0.1917	0.3578	0.3675	0.2781	0.4113	0.1927	0.2571	0.2118	NA	0.4272	0.2234	0.408	0.3376
0.3696	0.1314	0.1796	0.2145	0.2476	0.2099	0.236	0.1376	0.2226	0.175	0.54	0.4915	0.1432	0.157	0.3967	0.3132	0.33	0.2684	0.2941	0.1709	0.1381	NA	0.3751	0.4196	0.5	0.3824
0.2582	0.1362	0.26	0.1778	0.1809	0.1828	0.1558	0.1228	0.2469	0.2103	0.4999	0.5251	0.1127	0.1535	0.3483	0.262	0.21	0.1895	0.4537	0.263	0.2199	NA	0.3679	0.5132	0.226	0.435
0.1712	NA	NA	0.1694	0.1669	0.2775	0.1277	0.166	0.1745	0.3829	0.5704	0.5269	0.0931	0.2299	0.3714	0.2942	NA	NA	NA	NA	NA	NA	0.2865	0.2102	0.544	0.1864
